  [0, 0, 0, 0, 0, 0, 0, 0, 0, 0, 0, 0, 0, 0, 0, 0, 0, 0]
  [0, 0, 0, 0, 0, 0, 0, 0, 0, 0, 0, 0, 0, 0, 0, 0, 0, 0]
  [0, 5, 5, 5, 5, 5, 5, 5, 5, 5, 0, 0, 0, 0, 0, 0, 0, 0]
  [0, 5, 7, 7, 7, 7, 7, 7, 7, 5, 0, 0, 0, 0, 0, 0, 0, 0]
  [0, 5, 7, 7, 7, 7, 7, 7, 7, 5, 0, 0, 0, 0, 0, 0, 0, 0]
  [0, 5, 5, 5, 5, 5, 5, 5, 5, 5, 0, 0, 0, 0, 0, 0, 0, 0]
  [0, 0, 0, 0, 0, 0, 0, 0, 0, 0, 0, 0, 0, 0, 0, 0, 0, 0]
  [0, 0, 0, 0, 0, 0, 0, 0, 0, 0, 0, 0, 0, 0, 0, 0, 0, 0]
  [0, 0, 0, 4, 4, 4, 4, 0, 0, 0, 0, 4, 4, 4, 4, 4, 4, 4]
  [0, 0, 0, 4, 3, 3, 4, 0, 0, 0, 0, 4, 7, 7, 7, 7, 7, 4]
  [0, 0, 0, 4, 3, 3, 4, 0, 0, 0, 0, 4, 4, 4, 4, 4, 4, 4]
  [0, 0, 0, 4, 3, 3, 4, 0, 0, 0, 0, 0, 0, 0, 0, 0, 0, 0]
  [0, 0, 0, 4, 3, 3, 4, 0, 0, 0, 0, 0, 0, 0, 0, 0, 0, 0]
  [0, 0, 0, 4, 3, 3, 4, 0, 0, 0, 0, 0, 5, 5, 5, 0, 0, 0]
  [0, 0, 0, 4, 3, 3, 4, 0, 0, 0, 0, 0, 5, 3, 5, 0, 0, 0]
  [0, 0, 0, 4, 4, 4, 4, 0, 0, 0, 0, 0, 5, 3, 5, 0, 0, 0]
  [0, 0, 0, 0, 0, 0, 0, 0, 0, 0, 0, 0, 5, 3, 5, 0, 0, 0]
  [0, 0, 0, 0, 0, 0, 0, 0, 0, 0, 0, 0, 5, 5, 5, 0, 0, 0]