[9, 6, 5, 9, 0, 3, 6, 9, 0, 3, 5, 3, 8, 8, 8, 1, 8, 8]
  [9, 6, 5, 6, 5, 5, 9, 0, 9, 5, 9, 0, 9, 5, 6, 3, 3, 3, 3, 3, 3, 3, 3]
  [9, 8, 8, 9, 8, 8, 9, 8, 8]
  [9, 0, 0, 5, 5, 2, 5, 6, 3, 4, 6, 9, 4, 9, 4, 9, 4, 4]
  [7, 1, 8, 4, 8, 8, 8, 8, 3, 5, 0, 5, 3, 5, 9, 6, 3, 6, 3, 6, 9, 6, 9, 0, 9, 0, 9, 0, 0, 0, 0, 0, 0]
områ 8, 5, 7, 9, 4, 4, 7, 9, 3, 4, 5, 8, 6, 9, 6, 1, 5, 8, 5, 8, 5, 8]

  [9, 0, 8, 4, 8, 4, 4]


 9, 4, 4]


 9, 6, 3, 4]
 9, 7, 8, 5, 5, 8, 5, 8, 3, 8]
 9, 6, 3, 6, 3, 3, 6, 3, 6, 3, 3]
 9, 4, 4]
 9, 9, 4, 7, 7, 9, 5, 4]
  [9, 0, 8, 8, 8]
 9, 8]
 9, 6, 3, 8]
 8, 8]
 9, 3, 3, 3, 3]
 3, 4, 3]
 9, 4, 4]
 9, 4]
 9, 3, 4]
 6, 5, 5, 8, 5, 8]
 8, 8]

 8, 8]
 9, 8]
 9, 8]

 9, 8]
 9, 8]
 9, 3, 4, 4]
 9, 4]
 3, 4]
 3, 4]
 3, 4]
 3, 4]
 3, 4]
 9, 4]
 8, 4]
 9, 3]
 8, 4]
 6, 4]
 7, 4]
 6, 7, 7]
 6, 7]
 9, 7]
 9, 7]
 9, 7]
 9, 9]
 3, 7]
 9, 8]
 8, 8]
 9, 8]
 9, 8]
 9, 8]
 9, 8]
 9, 8]
 9, 8]
 9, 4]
 8]
 5, 9, 4]
 3, 9]
  [7, 6, 3, 4]
 3, 4]
 3, 4]
 3, 4]
 3, 4]
 4]
 9, 8]
 8, 8]
 9, 8]
 9, 8]
 8]
 9, 3]
 3, 3]
 3, 3]
 3, 3]
 3, 3]
 3, 3]
 4]
 3, 3, 3]
 3, 3]
 3, 3, 3, 3]
 3, 3, 3]
 7, 3, 8, 7]
 9, 7]
 9, 4 9, 9]
 9, 9]
 9, 9]
 9, 9]
 9, 9]
 9, 9]
 9, 9]
 9, 9, 9, 9, 9]
 9, 8]
 9, 3, 9]
 9, 9, 9]
 9, 9]
 9, 9]
 9, 6, 9, 9, 9]
 9, 9]
 9, 4, 9, 9]
 9, 8 9, 9, 9]
 3, 30 9 7, 8]
 9, 4, 8 3 3, 3 35 9, 3, 8, 9, 3, 3 3, 3, 9, 3, 3, 3, 3, 3, 3, 3, 30 9 3, 3, 3, 7, 3, 3, 3, 8, 9, 32, 3, 3, 9]
  [3, 9, 3, 9, 9, 9, 8, 8, 9]
 9, 9, 9]
 9, 9  [, 9, 9]
 9, 9, 9, 9, 9, 9, 3, 3, 9, 9, 9, 8, 9, 9, 9, 9, 9, 9, 9, 9, 9, 9, 9, 3, 9, 82 3, 9, 9, 9, 8, 9, 9, 9, 9, 8, 9, 3, 8 9, 9, 9,  [, 9, 3, 9, 9, 3, 9, 9, 9, 9, 1, 9]
  [9, 9, 9, 9, 9, 9  [2, 9 9, 8, 9 30 , 9, 9, 9, 9, 9,  [3, 9, 9, 9  [0, 9, 9, 9, 9 92, 9, 9, 9, 9, 9, 9, 9, 9 82 8 9, 35 8, 9, 9, 9, 9, 9, 9, 90, 8, 9, 9, 9, 9, 9  [3, 9, 9 9, 9, 8, 9, 9, 9  [3, 9, 9, 9, 9, 9, 9 9, 9, 9, 9, 9, 9, 9, 9, 9, 9, 9, 9, 9 90, 9, 9, 3, 9, 9, 9, 9, 8, 9, 9, 9, 9, 9, 8, 9, 9, 9, 9, 9, 9, 9, 9,  [3, 9, 9, 9, 9, 9 10, 9, 9, 9]
, 922, 9, 9 9, 9, 9, 9, 9 9, 9  [2, 9, 9, 9, 9, 9, 8 9, 9, 9, 9, 9  [2  [0, 9, 9, 9, 8 9,