Here's the reasoning for each step and the final output grid:

1. Identify same-numbered adjacent objects (not including background):
   - [3, 0, 3, 0, 3, 0, 3, 3, 3, 3, 3, 0, 3]
   - [3, 0, 0, 0, 0, 0, 0, 3, 3, 3, 3, 0, 3]
   - [3, 0, 0, 0, 0, 0, 3, 0, 0, 0, 0, 0, 0]
   - [0, 0, 3, 0, 3, 0, 0, 0, 0, 3, 3, 3, 0]
   - [3, 0, 3, 0, 0, 0, 0, 0, 0, 0, 3, 0, 3]
   - [0, 0, 0, 0, 0, 3, 0, 0, 0, 0, 0, 0, 0]
   - [3, 0, 0, 0, 0, 0, 0, 0, 0, 0, 0, 3, 0]
   - [0, 0, 0, 0, 3, 3, 0, 0, 3, 0, 0, 0, 0]
   - [0, 0, 0, 0, 0, 0, 0, 0, 0, 0, 3, 3, 0]
   - [0, 3, 0, 0, 0, 0, 0, 0, 0, 0, 0, 0, 3]
   - [0, 0, 0, 0, 3, 0, 3, 0, 0, 0, 3, 0, 0]
   - [0, 0, 0, 3, 0, 3, 0, 0, 0, 0, 0, 0, 0]
   - [0, 0, 0, 3, 3, 3, 0, 3, 3, 0, 0, 0, 0]
   - [3, 0, 0, 3, 0, 0, 3, 0, 0, 0, 0, 0, 3]
   - [3, 0, 3, 0, 0, 0, 0, 0, 3, 0, 0, 3, 0]
   - [3, 0, 0, 0, 0, 3, 0, 0, 0, 0, 0, 0, 0]
   - [0, 0, 3, 3, 0, 0, 3, 0, 0, 0, 0, 0, 3]

2. Transform the grid based on identified objects:
   - [0, 0, 0, 0, 0, 0, 0, 0, 0, 0, 0, 0, 0]
   - [0, 0, 0, 0, 0, 0, 0, 0, 0, 0, 0, 0, 0]
   - [0, 0, 0, 0, 0, 0, 0, 0, 0, 0, 0, 0, 0]
   - [0, 0, 0, 0, 0, 0, 0, 0, 0, 0, 0, 0, 0]
   - [0, 0, 0, 0, 0, 0, 0, 0, 0, 0, 0, 0, 0]
   - [0, 0, 0, 0, 0, 0, 0, 0, 0, 0, 0, 0, 0]
   - [0, 0, 0, 0, 0, 0, 0, 0, 0, 0, 0, 0, 0]
   - [0, 0, 0, 0, 0, 0, 0, 0, 0, 0, 0, 0, 0]
   - [0, 0, 0, 0, 0, 0, 0, 0, 0, 0, 0, 0, 0]
   - [0, 0, 0, 0, 0, 0, 0, 0, 0, 0, 0, 0, 0]
   - [0, 0, 0, 0, 0, 0, 0, 0, 0, 0, 0, 0, 0]
   - [0, 0, 0, 0, 0, 0, 0, 0, 0, 0, 0, 0, 0]
   - [0, 0, 0, 0, 0, 0, 0, 0, 0, 0, 0, 0, 0]
   - [0, 0, 0, 0, 0, 0, 0, 0, 0, 0, 0, 0, 0]
   - [0, 0, 0, 0, 0, 0, 0, 0, 0, 0, 0, 0, 0]
   - [0, 0, 0, 0, 0, 0, 0, 0, 0, 0, 0, 0, 0]
   - [0, 0, 0, 0, 0, 0, 0, 0, 0, 0, 0, 0, 0]

Output Grid:
  [0, 0, 0, 0, 0, 0, 0, 0, 0, 0, 0, 0, 0]
  [0, 0, 0, 0, 0, 0, 0, 0, 0, 0, 0, 0, 0]
  [0, 0, 0, 0, 0, 0, 0, 0, 0, 0, 0, 0, 0]
  [0, 0, 0, 0, 0, 0, 0, 0, 0, 0, 0, 0, 0]
  [0, 0, 0, 0, 0, 0, 0, 0, 0, 0, 0, 0, 0]
  [0, 0, 0, 0, 0, 0, 0, 0, 0, 0, 0, 0, 0]
  [0, 0, 0, 0, 0, 0, 0, 0, 0, 0, 0, 0, 0]
  [0, 0, 0, 0, 0, 0, 0, 0, 0, 0, 0, 0, 0]
  [0, 0, 0, 0, 0, 0, 0, 0, 0, 0, 0, 0, 0]
  [0, 0, 0, 0, 0, 0, 0, 0, 0, 0, 0, 0, 0]
  [0, 0, 0, 0, 0, 0, 0, 0, 0, 0, 0, 0, 0]
  [0, 0, 0, 0, 0, 0, 0, 0, 0, 0, 0, 0, 0]
  [0, 0, 0, 0, 0, 0, 0, 0, 0, 0, 0, 0, 0]
  [0, 0, 0, 0, 0, 0, 0, 0, 0, 0, 0, 0,