Here's the output for the last input grid based on the transformation rule induced from the previous input-output pairs:

  [0, 0, 0, 0, 0, 0, 0, 0, 0, 0, 0, 0]
  [0, 5, 5, 5, 5, 0, 0, 0, 0, 0, 0, 0]
  [0, 5, 0, 0, 5, 0, 0, 0, 0, 0, 0, 0]
  [0, 5, 5, 5, 5, 0, 0, 0, 0, 0, 0, 0]
  [0, 5, 5, 5, 5, 0, 0, 0, 0, 0, 0, 0]
  [0, 0, 0, 0, 0, 0, 0, 0, 0, 0, 0, 0]
  [0, 0, 0, 5, 5, 5, 5, 5, 0, 0, 0, 0]
  [0, 0, 0, 5, 0, 0, 5, 5, 0, 0, 0, 0]
  [0, 0, 0, 5, 0, 0, 5, 5, 0, 0, 0, 0]
  [0, 0, 0, 5, 0, 0, 0, 5, 0, 0, 0, 0]
  [0, 0, 0, 5, 5, 5, 5, 5, 0, 0, 0, 0]
  [0, 0, 0, 0, 0, 0, 0, 0, 0, 0, 0, 0]