[0, 0, 0, 0, 0, 0, 0, 0, 0, 0, 0, 0, 0, 0, 0, 0, 0, 0, 0, 0, 0, 0, 0]
  [0, 0, 0, 0, 0, 0, 0, 0, 0, 0, 0, 0, 0, 0, 0, 0, 0, 0, 0, 0, 0, 0]
  [0, 0, 0, 0, 0, 0, 0, 0, 0, 0, 0, 0, 0, 0]
  [0, 0, 0, 0, 0, 0, 0, 0, 0, 0, 0, 0, 0, 0]
  [0, 0, 0, 0, 0, 0, 0, 0]

  [0, 0, 0, 0, 0, 0, 0, 0, 0, 0, 0, 0, 0, 0, 0]
  [5, 0, 0, 0, 0, 0, 0, 0, 0, 0, 0, 0, 0, 0, 0, 0, 0, 0, 0, 0]
  [0, 5, 0, 5, 5, 0, 0, 0, 0, 0, 0, 0, 0, 0, 0, 0, 0, 0]
  [0, 0, 0, 0, 0, 0, 0, 0, 0, 0, 0, 0]
  [0, 0, 0, 0, 0, 0, 0, 0, 0, 0, 0, 0, 0, 0, 0, 0, 0, 0, 0, 0, 0]
  [0, 0, 0, 0, 0, 0, 0, 0, 0, 0, 0, 0, 0, 0, 0]
  [0, 0, 0, 0, 0, 0, 0, 0, 0, 0]

  [0, 0, 0, 0, 0, 0, 0, 0, 0, 0, 0, 0]
  [1, 0, 0, 0, 0, 0, 0, 0, 0, 0, 0]
  [0, 0, 0, 0, 0, 0, 0, 0, 0, 0, 0, 0, 0, 0, 0, 0, 0, 0, 0, 0, 0, 0, 0]
  [0, 0, 0, 0, 0, 0, 0, 0, 0, 0, 0, 0]
  [1, 0, 5, 5, 0, 0, 0, 5]
  [0, 0, 0, 0, 0, 0, 0, 0, 0, 0]
  [0, 0, 0, 0, 0, 0, 0, 0, 0, 0]
  [0, 0, 0, 0, 0, 0, 5, 5]
  [0, 0, 0, 0, 0, 0, 0, 0]
  [1, 0, 0, 0, 0, 0, 0, 0, 0]
  [0, 0, 0, 0, 0, 0, 0]
  [0, 5, 0, 0, 0, 0, 0, 0, 0, 0, 0, 0, 0, 0, 0]
  [0, 0, 0, 0, 0, 0, 0, 0, 0, 0, 0]
  [0, 5, 0, 0, 5, 0, 0, 0, 0, 0]
  [0, 0, 0, 0, 0, 0]
  [0 0, 0, 0, 5, 0, 0, 0, 0, 0, 0 0, 0, 0, 0, 0, 0, 0, 0, 0, 5 0, 0, 0]
  [0, 0, 0, 0, 0, 0, 0, 0, 0, 0, 0, 0, 0, 0]
  [0, 0, 0, 0, 0, 5, 0, 5, 0]
  [0, 0 0, 0, 0, 0, 0, 0, 0, 0, 0, 0 5 0, 0, 0, 0, 0, 5 5 5 0, 0, 0, 0, 0, 0, 0, 0, 0, 0, 0 0, 0 0  [0, 0, 50, 000, 0, 0, 0, 0, 0 , , 0  [05,0000 ,  [50, 50, 0  [ , , 0, 0  [  [, , 1  [0, 1, 0, 0000, 0, 0, 0, 0, 0, 0, 0,  [0000 , 0,  [0, 5, 0, 0, 0, 0, 0, 1, , 5,  [5, , 0, 0, 0, 0, 0, 000,  [1, 0, 0,  [50, 0, 0, 0, 00,  [0,  [0,  [0, ,  [0, 0, 0, 50,  [0,  [0, , 50, 000, 00, 0, 0, 0,  [50, 00,  [ ,  [,  [5, 050, , ,  [0, 00,  [0,  [, 1000, 0 0,  [ ,  [50, 0, 0, 000  [0,  [0, 0000, 0,  [,  [0,  [,  [50,  [5, 00100  [0000, 0, 0,  [  [0, 0,  [000000,  [000, 0,  [00, ,  [0, ,  [,  [50,  [000, 0, 00  [  [000000, 0, 0,  [000, 0, 00000, 0, 000, 0, 0, 0, 0, 50, 00000000, 0, 0, 0001000, 0, 00000000,  [0, 0, 05  [ 00, 0, 000, 0, 50, 0, 5, 5 Question, 0, 0, 00000, 0, 0, 0, 0, 00000, 0, 0, 0, 0, 0000, 0, 0, 0, 50, 0, 00, 0, 00000, 0, 0, 000, 0, 0,