Here's the reasoning for each step and the final output:

1. Identify objects in the input grid:
   - Object A: [1, 1, 1, 0, 0, 0, 0, 0, 0, 0]
   - Object B: [1, 0, 1, 0, 0, 0, 0, 1, 0, 0]
   - Object C: [1, 1, 1, 0, 0, 0, 1, 1, 1, 0]
   - Object D: [0, 0, 0, 0, 0, 0, 0, 1, 0, 0]
   - Object E: [0, 1, 0, 0, 0, 0, 0, 0, 0, 0]
   - Object F: [1, 1, 1, 0, 0, 0, 0, 0, 0, 0]
   - Object G: [0, 1, 0, 1, 1, 1, 0, 0, 0, 0]
   - Object H: [0, 0, 0, 1, 0, 1, 0, 0, 1, 1]
   - Object I: [0, 0, 0, 1, 1, 1, 0, 0, 0, 0]
   - Object J: [0, 0, 0, 0, 0, 0, 0, 0, 0, 0]

2. Apply transformation rule:
   - Move all objects horizontally to the left by one position (ignoring object J):
      - Object A: [1, 1, 1, 0, 0, 0, 0, 0, 0, 0] -> [0, 1, 1, 1, 0, 0, 0, 0, 0, 0]
      - Object B: [1, 0, 1, 0, 0, 0, 0, 1, 0, 0] -> [0, 1, 0, 1, 0, 0, 0, 0, 1, 0]
      - Object C: [1, 1, 1, 0, 0, 0, 1, 1, 1, 0] -> [0, 1, 1, 1, 0, 0, 0, 0, 1, 0]
      - Object D: [0, 0, 0, 0, 0, 0, 0, 1, 0, 0] -> [0, 0, 0, 0, 0, 0, 0, 0, 1, 0]
      - Object E: [0, 1, 0, 0, 0, 0, 0, 0, 0, 0] -> [0, 0, 1, 0, 0, 0, 0, 0, 0, 0]
      - Object F: [1, 1, 1, 0, 0, 0, 0, 0, 0, 0] -> [0, 1, 1, 1, 0, 0, 0, 0, 0, 0]
      - Object G: [0, 1, 0, 1, 1, 1, 0, 0, 0, 0] -> [0, 0, 1, 0, 1, 1, 0, 0, 0, 0]
      - Object H: [0, 0, 0, 1, 0, 1, 0, 0, 1, 1] -> [0, 0, 0, 1, 0, 1, 0, 0, 1, 1]

3. Combine the transformed objects into a single grid:
   - Output Grid: [0, 0, 0, 0, 0, 0, 0, 0, 1, 0]
                    [0, 0, 1, 0, 0, 0, 0, 0, 0, 0]
                    [0, 1, 1, 1, 0, 0, 0, 0, 1, 0]
                    [0, 0, 0, 0, 0, 0, 0, 1, 0, 0]
                    [0, 0, 0, 0, 0, 0, 0, 0, 0, 0]
                    [0, 0, 1, 0, 0, 0, 0, 0, 0, 0]
                    [0, 0, 0, 1, 0, 1, 0, 0, 0, 0]
                    [0, 0, 0, 1, 0, 1, 0, 0, 1, 1]

The output of the last input is:

  [0, 0, 0, 0, 0, 0, 0, 0, 1, 0]
  [0, 0, 1, 0, 0, 0, 0, 0, 0, 0]
  [0, 1, 1, 1, 0, 0, 0, 0, 1, 0]
  [0, 0, 0, 0, 0, 0, 0, 1, 0, 0]
  [0, 0, 0, 0, 0, 0, 0, 0, 0, 0]
  [0, 0, 1, 0, 0, 0, 0, 0, 0, 0]
  [0, 0, 0, 1, 0, 1, 0, 0, 0, 0]
  [0, 0, 0, 1, 0, 1, 0, 0, 1, 1]