[4, 9, 7, 6, 5, 5, 5, 4, 4, 4, 4, 4, 3, 3, 3, 3, 3, 3, 3, 3, 2, 2, 2]

  [4, 7, 6, 5, 5, 5, 5, 4, 4, 4, 4, 4, 4, 4, 4, 4, 4, 4, 3, 3, 3]
  [4, 7, 6, 5, 5, 5, 5, 5, 5]
  [4, 8, 6, 7, 7, 6, 7, 7, 7, 7, 7, 7, 7, 7, 7]
  [4, 9, 7, 6, 6, 5, 5, 5, 5, 5]
  [3, 8, 8, 8, 7, 7, 7, 7, 7, 7]
  [2, 9, 8, 9, 8, 9, 9, 9, 8, 8, 9, 9, 9]
  [2, 5, 6, 5, 6, 6, 6, 6]
  [3, 7, 7, 7, 7, 7, 7]
  [4, 8, 8, 8, 9, 9, 9, 9, 9, 9, 9]
  [4, 9, 9, 9, 9, 9]
  [3, 5, 6, 6, 7, 7, 7, 8, 8, 8, 8]
  [2, 9, 9, 9]
  [3, 4, 4, 4, 4, 4]
  [3, 5, 5, 5, 5]
  [3, 7, 7, 7, 8, 8, 8]
  [2, 9, 9, 9]
  [2, 8, 9, 9]
  [3, 8, 8, 8]
  [4, 5, 6, 7, 6, 7, 7, 7]
  [3, 5, 5, 6, 6]
  [3, 5, 5]  [3, 8, 8, 9, 9, 9]
  [2, 5, 5, 5, 5]
  [4, 4, 4]  [3, 4, 4]  [3, 4]  [4, 4, 4, 4]  [3, 4, 4]  [4, 4, 4]  [3, 4, 4]
  [1, 0, 0, 0]  [2, 5, 5, 5, 5]  [4, 5, 5]  [3, 5, 5]  [3, 5, 5]
  [3, 7, 7, 7, 7]
  [4, 4]  [2, 4]  [3, 4, 4]  [3, 4, 4, 4, 4, 4]  [3, 3, 3]  [3, 3, 3, 5, 5, 6, 6]
  [3, 5, 5]  [3, 5, 5, 5]  [3, 5, 5, 4]  [3, 4, 4]  [3, 4, 4]  [3, 4, 4]
  [3, 4, 4, 4, 4]  [3, 3, 3, 3]  [3, 3, 5, 5]  [3, 3]
  [2, 5, 5]  [3, 5, 0, 0, 0]
  [4, 4, 3, 5, 5, 4]  [3, 4, 4]  [3, 4, 4]  [3, 4, 4]  [3, 7, 7, 7, 8, 8, 8, 8, 8, 9]
  [3, 4, 4]  [3, 5, 5]  [3, 5, 0, 5, 5, 5  [3, 4]  [3, 3, 4]  [3, 4, 4]
  [3, 4]  [2, 4, 4]  [3, 4 5, 0, 0]
  [3, 4]  [3, 4]  [3 4, 4, 4, 4]  [3, 4, 7, 8, 7, 7, 8, 5 4, 4]  [3, 5  [3, 7, 7, 7, 8, 7]
  [3, 0, 7, 4  [2, 4, 4, 4, 7, 7, 4, 4  [3 7, 7, 5, 7, 7,  [2  [3  [3, 4]
  [3, 0, 5, 5, 7, 7, 5  [3, 51, 5, 7, 7, 7]  [3, 4, 4, 4, 4]  [3, 2, 5, 0, 4]  [3, 4  [3, 5, 7,  [3  [3, 0, 5  [3, 7, 5  [2, 4, 0, 4, 4, 1,  [3, 0, 1,  [2, 7,  [3, 4  [2, 5  [3, 7, 7]
  [3,  [3  [3  [2, 31  [3,  [3, 7, 7, 7, 7, 1  [3 1, 0  [1,  [3  [3, 0 0,  [3, 7, 50  [3, 2, 0, 4  [3,  [3,  [3, 1  [3,  [3,  [3,  [3  [3  [3, 3,  [3, 4  [3 7, 5,  [3  [32  [3, 0,  [3,  [35  [3,  [2, 3  [3  [3,  [1, 0, 7, 3  [3  [3, 4,  [3,  [3  [3,  [3, 3, 7,  [3,  [3, 5, 0, 7, 0,  [2,  [02 1, 0, 2, 0, 4, 7  [3,  [3,  [3  [3, 3  [2  [3,  [3  [3  [2,  [3, 0,  [3,  [3, 1  [3,  [2  [32, 0, 0,  [3  [2, 7, 4, 7, 7, 1, 0,  [3, 0  [3, 0, 0, 0, 0, 0, 1, 1,  [1, 1,  [1 1, 2, 2,  [2,  [2,  [2, 0,  [2,  [0,  [3, 3,  [3 0,  [3, 4  [2, 1, 10, 1,  [2,  [2,  [2,  [2,  [2, 3 0,  [2,  [2,  [2,  [2,  [2,  [3