Here's the output for the last given input:

  [0, 0, 0, 0, 0, 0, 0, 0, 0, 0, 0, 0, 0, 0, 0]
  [0, 1, 0, 0, 2, 0, 0, 0, 3, 0, 4, 0, 0, 5, 0]
  [0, 0, 5, 5, 0, 0, 0, 0, 0, 0, 0, 0, 0, 0, 0]
  [0, 0, 5, 5, 0, 0, 0, 0, 0, 0, 0, 0, 0, 0, 0]
  [0, 0, 0, 0, 0, 0, 0, 0, 0, 0, 0, 0, 0, 0, 0]
  [0, 0, 0, 0, 0, 0, 0, 0, 0, 0, 0, 0, 0, 0, 0]
  [0, 0, 0, 0, 0, 0, 0, 0, 0, 0, 0, 0, 5, 5, 0]
  [0, 0, 0, 0, 0, 0, 0, 0, 0, 0, 0, 0, 5, 5, 0]
  [0, 0, 0, 0, 0, 0, 0, 0, 0, 0, 0, 0, 0, 0, 0]
  [0, 0, 0, 0, 0, 0, 0, 0, 0, 0, 0, 0, 0, 0, 0]
  [0, 0, 0, 0, 0, 0, 0, 0, 0, 0, 0, 0, 0, 0, 0]

This output is obtained by following the transformation rule induced from the previous input-output pairs.