Based on the previous cases and the transformation rules provided, I will generate the Output grid that corresponds to the last given Input grid.

Input:
  [1, 2, 3, 4, 8]
  [5, 5, 5, 5, 5]
  [0, 0, 0, 0, 0]
  [0, 0, 0, 0, 0]
  [0, 0, 0, 0, 0]
  [0, 0, 0, 0, 0]
  [0, 0, 0, 0, 0]
  [0, 0, 0, 0, 0]
  [0, 0, 0, 0, 0]
  [0, 0, 0, 0, 0]
  [0, 0, 0, 0, 0]
  [0, 0, 0, 0, 0]

Output:
  [1, 2, 3, 4, 8]
  [5, 5, 5, 5, 5]
  [1, 1, 1, 1, 1]
  [2, 2, 2, 2, 2]
  [3, 3, 3, 3, 3]
  [4, 4, 4, 4, 4]
  [8, 8, 8, 8, 8]
  [1, 1, 1, 1, 1]
  [2, 2, 2, 2, 2]
  [3, 3, 3, 3, 3]
  [4, 4, 4, 4, 4]
  [8, 8, 8, 8, 8]

The output of the last input is:

  [1, 2, 3, 4, 8]
  [5, 5, 5, 5, 5]
  [1, 1, 1, 1, 1]
  [2, 2, 2, 2, 2]
  [3, 3, 3, 3, 3]
  [4, 4, 4, 4, 4]
  [8, 8, 8, 8, 8]
  [1, 1, 1, 1, 1]
  [2, 2, 2, 2, 2]
  [3, 3, 3, 3, 3]
  [4, 4, 4, 4, 4]
  [8, 8, 8, 8, 8]