Given the transformation rules and the previous cases, I will generate the output grid for the last input grid.

Case 2 Input:
  [0, 0, 0, 0, 0, 0, 0, 0, 0]
  [0, 0, 0, 0, 0, 0, 0, 5, 0]
  [0, 0, 0, 0, 0, 0, 0, 0, 0]
  [0, 0, 0, 0, 0, 0, 0, 0, 0]
  [0, 5, 0, 0, 0, 0, 0, 5, 0]
  [0, 0, 0, 0, 0, 0, 0, 0, 0]
  [0, 0, 0, 0, 0, 0, 0, 0, 0]
  [0, 5, 0, 0, 0, 0, 0, 0, 0]
  [0, 0, 0, 0, 0, 0, 0, 0, 0]

After applying the transformation rules:

Output:
  [1, 1, 1, 0, 0, 0, 0, 0, 0]
  [1, 1, 1, 0, 0, 0, 0, 5, 1]
  [0, 0, 0, 0, 0, 0, 0, 0, 0]
  [0, 0, 0, 0, 0, 0, 0, 0, 0]
  [5, 0, 0, 0, 0, 0, 0, 5, 0]
  [0, 0, 0, 0, 0, 0, 0, 0, 0]
  [0, 0, 0, 0, 0, 0, 0, 0, 0]
  [1, 1, 1, 0, 0, 0, 0, 0, 1]
  [0, 0, 0, 0, 0, 0, 0, 0, 0]

The output grid for the last input grid is:
  [1, 1, 1, 0, 0, 0, 0, 0, 0]
  [1, 1, 1, 0, 0, 0, 0, 5, 1]
  [0, 0, 0, 0, 0, 0, 0, 0, 0]
  [0, 0, 0, 0, 0, 0, 0, 0, 0]
  [5, 0, 0, 0, 0, 0, 0, 5, 0]
  [0, 0, 0, 0, 0, 0, 0, 0, 0]
  [0, 0, 0, 0, 0, 0, 0, 0, 0]
  [1, 1, 1, 0, 0, 0, 0, 0, 1]
  [0, 0, 0, 0, 0, 0, 0, 0, 0]