Case 3:
Input:
  [0, 0, 0, 0, 0, 0, 0, 0, 0, 0, 0, 0, 0, 0, 0]
  [0, 0, 0, 0, 0, 0, 0, 0, 0, 0, 0, 0, 0, 0, 0]
  [0, 0, 2, 0, 0, 0, 2, 0, 0, 0, 0, 0, 0, 0, 0]
  [6, 2, 2, 0, 6, 2, 2, 0, 6, 2, 0, 0, 0, 0, 0]
  [6, 6, 2, 3, 6, 6, 2, 3, 6, 6, 0, 0, 0, 0, 0]

Output:
  [0, 0, 0, 0, 0, 0, 0, 0, 0, 0, 0, 0, 0, 0, 0]
  [0, 0, 0, 0, 0, 0, 0, 0, 0, 0, 0, 0, 0, 0, 0]
  [0, 0, 2, 0, 0, 0, 2, 0, 0, 0, 2, 0, 0, 0, 2]
  [6, 2, 2, 0, 6, 2, 2, 0, 6, 2, 0, 0, 0, 0, 0]
  [6, 6, 2, 3, 6, 6, 2, 3, 6, 6, 0, 0, 0, 0, 0]

The output of the last input is:
  [0, 0, 0, 0, 0, 0, 0, 0, 0, 0, 0, 0, 0, 0, 0]
  [0, 0, 0, 0, 0, 0, 0, 0, 0, 0, 0, 0, 0, 0, 0]
  [0, 0, 2, 0, 0, 0, 2, 0, 0, 0, 2, 0, 0, 0, 2]
  [6, 2, 2, 0, 6, 2, 2, 0, 6, 2, 0, 0, 0, 0, 0]
  [6, 6, 2, 3, 6, 6, 2, 3, 6, 6, 0, 0, 0, 0, 0]