In the next step

In this, 0, 0, 0, 0, 0, 0, 0, 0, 0, 0, 0, 0, 0, 0, 0, 0, 0, 0, 0, 0, 0, 0, 0, 0]
 In the end, 0, 0, 0, 0, 0, 0, 0, 0, 0, 0, 0, 0, 0, 0, 0, 0, 0, 0, 0, 0, 0, 0, 0, 0, 0, 0, 0, 0, 0, 0, 0, 0, 0, 0, 0, 0, 0, 0, 0, 0, 0, 0, 0, 0, 0, 0, 0, 0, 0]
ٹ
 Question:
 In the end, 0, 0, 0, 0, 0, 0, 0, 0, 0, 0, 0, 0, 0, 0, 0, 0, 0, 0, 0, 0, 0, 0]
 In the end, 0, 0, 0, 0, 0, 0, 0, 0, 0, 0, 0, 0, 0, 0, 0, 0, 0, 0, 0, 0, 0, 0, 0]
 0, 0, 0, 0, 0, 0, 0, 0, 0, 0, 0, 0, 0, 0, 0, 0, 0, 0, 0, 0, 0, 0, 0]
 0, 0, 0, 0, 0, 0, 0, 0, 0, 0, 0, 0]
 0, 0, 0, 0, 0, 0, 0, 0, 0, 0, 0, 0, 0, 0, 0, 0, 0, 0]
 0, 0, 0, 0, 0, 0, 0, 0, 0, 0, 0, 0]
 0, 0, 0, 0, 0, 0, 0, 0, 0]
 0, 0, 0, 0, 0, 0, 0, 0, 0, 0, 0, 0, 0, 0, 0]
 0, 0, 0, 0, 0, 0, 0, 0, 0, 0, 0, 0]
 0, 0, 0, 0, 0, 0, 0, 0, 0, 0, 0, 0, 0, 0, 0, 0, 0]
 0, 0, 0, 0, 0, 0, 0, 0, 0, 0, 0, 0, 0, 0]
 0, 0, 0, 0, 0, 0, 0, 0, 0, 0, 0, 0, 0, 0, 0, 0, 0, 0, 0, 0, 0, 0]
 0, 0, 0, 0, 0, 0, 0, 0, 0]
 0, 0, 0, 0, 0, 0, 0]
 0, 0, 0, 0]
 0, 0, 0, 0, 0, 0, 0, 0, 0, 0]
 0, 0, 0, 0, 0, 0, 0, 0, 0, 0, 0]
 0, 0, 0, 0, 0, 0, 0, 0, 0, 0, 0]
 0, 0, 0, 0, 0, 0, 0, 0, 0, 0 0, 0, 0, 0]
 0, 0, 0 0, 0, 0 0 0, 0, 0, 0, 0, 0 0 0, 0, 0 0 0 0, 0, 0, 0, 0 0, 0, 0]
 0, 0, 0, 0, 0, 0, 0 0, 0, 0, 0]
 0, 0, 0, 0, 0, 0, 0, 0, 0, 0, 0, 0]
 0, 0]
 0, 0, 0, 0, 0, 0 0, 0, 0, 0, 0, 0 0, 0, 0, 0, 0, 0, 0, 0, 0, 0, 0, 0, 0, 0, 0 0 0, 0, 0, 0, 0 0, 0, 0, 0, 0, 0 0, 0, 0 0, 0 0 0, 0, 0, 0, 01, 0, 0, 0, 0 0 
 neuen 0, 0 0 0 0, 0, 0, 0 0, 0 0 0, 0, 0 000, 0, 0, 0, 00000, 0, 0, 0 00100 0 0, 0 0, 00 0 0 0 0, 0, 0 00 0 0, 0, 0, 0 0, 0, 0, 0 0000, 0, 0 0 0, 0, 0, 0 0, 0, 0, 0, 0, 0 1 0, 0, 0, 0, 0, 000, 00 0, 0, 0, 0 0, 0 0, 0, 00 0 0 0 0, 0, 0 00 00, 0, 0 0, 0 0 0, 0, 0, 0, 001, 0, 0 0 0, 0, 0, 0, 0, 0, 0, 0 0 0, 0, 0 0, 0, 0, 0, 0, 0 0, 0, 0, 0, 0, 0, 0 0, 0, 0 0, 0, 0 0 0, 0, 0, 0, 0, 0, 0 0, 0, 0 0 0 0 0, 0, 0, 0 0, 0 0, 0, 0, 0, 0 00 0, 0, 0, 010 0, 0, 0, 0, 0 0100 0, 0 0, 0, 0, 0, 0, 0, 0, 0, 0, 1 0 0, 0, 0, 0, 0, 0, 0, 1 0, 0, 0 0, 0, 0, 0, 0 0, 1, 1, 0 0, 0, 000, 0 0 0 0, 0, 0 0 , 0, 0 , 0000, , 0, , 0 , , , , 11, 0 , , , , , , , , , , , , , , 0 , , , , , , 0, , , , , , , , 0