Here is the output for the last given input:

  [0, 0, 0, 0, 0, 0, 0, 0, 0, 0, 0, 0, 0, 0, 0, 0]
  [0, 0, 0, 8, 8, 8, 8, 8, 8, 8, 8, 8, 8, 8, 8, 0, 0]
  [0, 0, 0, 8, 0, 0, 4, 0, 0, 0, 0, 0, 0, 0, 8, 0, 0]
  [0, 0, 0, 8, 0, 0, 4, 0, 0, 0, 0, 0, 0, 0, 8, 0, 0]
  [0, 0, 0, 8, 0, 0, 4, 0, 0, 0, 0, 0, 0, 0, 8, 0, 0]
  [0, 0, 0, 8, 0, 0, 4, 0, 0, 0, 0, 0, 0, 0, 8, 0, 0]
  [0, 0, 0, 8, 0, 0, 0, 0, 0, 0, 0, 0, 0, 0, 8, 0, 0]
  [0, 0, 0, 8, 0, 0, 0, 0, 0, 0, 0, 0, 0, 0, 8, 0, 0]
  [0, 0, 0, 8, 0, 0, 0, 0, 0, 0, 0, 0, 0, 0, 8, 0, 0]
  [0, 0, 0, 8, 0, 0, 0, 0, 0, 0, 0, 0, 0, 0, 8, 0, 0]
  [0, 0, 0, 8, 0, 0, 0, 0, 0, 0, 0, 0, 0, 0, 8, 0, 0]
  [0, 0, 0, 8, 8, 8, 8, 8, 8, 8, 8, 8, 8, 8, 8, 0, 0]
  [0, 0, 0, 0, 0, 0, 0, 0, 0, 0, 0, 0, 0, 0, 0, 0, 0]
  [0, 0, 0, 0, 0, 0, 0, 0, 0, 0, 0, 0, 0, 0, 0, 0, 0]
  [0, 0, 0, 0, 0, 0, 0, 0, 0, 0, 0, 0, 0, 0, 0, 0, 0]