Based on the previous cases and transformation rules, we can infer that the output for the last input should be as follows:

Case 5:
Input:
  [0, 0, 0, 0, 0, 0, 2, 2, 0]
  [0, 0, 0, 0, 0, 0, 2, 2, 0]
  [0, 0, 0, 0, 0, 0, 2, 2, 0]
  [0, 0, 0, 0, 0, 0, 2, 2, 0]
  [0, 0, 0, 0, 0, 0, 2, 2, 0]
  [0, 0, 0, 0, 0, 0, 2, 2, 0]
  [0, 0, 0, 0, 0, 0, 2, 2, 0]
  [0, 1, 0, 0, 0, 0, 2, 2, 0]

Output:
  [0, 0, 0, 0, 0, 0, 0, 0, 0]
  [0, 0, 0, 0, 0, 0, 0, 0, 0]
  [2, 2, 2, 2, 2, 2, 2, 2, 0]
  [2, 2, 2, 2, 2, 2, 2, 2, 1]
  [2, 2, 2, 2, 2, 2, 2, 2, 0]
  [2, 2, 2, 2, 2, 2, 2, 2, 0]
  [2, 2, 2, 2, 2, 2, 2, 2, 0]
  [0, 1, 0, 0, 0, 0, 0, 0, 0]