Based on the transformation rules provided and analyzing the previous input-output pairs, I will now generate the output grid for the last given input grid.

Input:
  [0, 0, 0, 0, 0, 0, 0, 0, 0, 0]
  [0, 0, 4, 0, 0, 0, 0, 0, 4, 0]
  [0, 0, 4, 0, 0, 0, 0, 0, 4, 0]
  [0, 0, 4, 4, 4, 4, 4, 4, 4, 0]
  [0, 0, 4, 0, 0, 0, 0, 0, 4, 0]
  [0, 0, 4, 4, 4, 4, 4, 4, 4, 0]
  [0, 0, 4, 0, 0, 0, 0, 0, 4, 0]
  [0, 0, 4, 0, 0, 0, 0, 0, 4, 0]
  [0, 0, 0, 0, 0, 0, 0, 0, 0, 0]
  [0, 0, 0, 0, 0, 0, 0, 0, 0, 0]

Output:

  [3, 3, 3, 3, 3, 3, 3, 3, 3, 3]
  [0, 0, 0, 0, 0, 0, 0, 0, 0, 0]
  [0, 4, 0, 0, 0, 0, 0, 0, 4, 0]
  [0, 4, 4, 4, 4, 4, 4, 4, 4, 0]
  [0, 4, 0, 0, 0, 0, 0, 0, 4, 0]
  [0, 4, 4, 4, 4, 4, 4, 4, 4, 0]
  [0, 4, 0, 0, 0, 0, 0, 0, 4, 0]
  [0, 4, 0, 0, 0, 0, 0, 0, 4, 0]
  [0, 0, 0, 0, 0, 0, 0, 0, 0, 0]
  [0, 0, 0, 0, 0, 0, 0, 0, 0, 0]