You are given a series of inputs and output pairs. 
These are all in the form of a 2D array, representing a 2D grid, with values from 0-9. 
The values are not representative of any ordinal ranking. You can think of them as different colors. You can consider 0 as the background.

Use the following priors to infer the transformation rule:

> Same numbers that are adjacent to each other are part of the same object
> Objects are assumed to persist despite the presence of noise or occlusion by other objects. In many cases objects from the input persiston the output grid, often in a transformed form.
> Recognize tasks involving physical contact between objects. This may include translation, rebounding, or other interactions between elements.
> Be attentive to tasks involving counting or sorting objects. Compare numbers, sizes, and shapes of objects.

- View each task as a problem that may involve one or more of the mentioned priors.
- Pay attention to object relationships, transformations, and persistence.
- Implicitly identify goals or intentions guiding the transformations.
- Apply counting and basic arithmetic for tasks involving numerical aspects.
- Recognize and leverage elementary geometry and topology concepts as outlined.
- Write down your reasoning for each option and then pick one.
- Check whether your transformation also works on the previous input output pairs.
- Output grid can be smaller or larger than the input grid.


Please generate the Output grid that corresponds to the last given Input grid using the transformation rule you induced from the previous input-output pairs.

Case 0:
Input:
  [1, 6, 1, 1, 2, 2, 3, 3, 4, 4, 5, 5, 6, 6, 1, 1, 2, 2, 3, 3, 4]
  [6, 1, 6, 6, 1, 1, 1, 2, 2, 2, 3, 3, 3, 4, 4, 4, 5, 5, 5, 6, 6]
  [1, 6, 1, 6, 6, 6, 1, 1, 1, 1, 2, 2, 2, 2, 3, 3, 3, 3, 4, 4, 4]
  [1, 6, 6, 1, 6, 6, 6, 6, 1, 1, 1, 1, 1, 2, 2, 2, 2, 2, 3, 3, 3]
  [2, 1, 6, 6, 1, 6, 6, 6, 6, 6, 1, 0, 0, 0, 1, 1, 2, 2, 2, 2, 2]
  [2, 1, 6, 6, 6, 1, 6, 6, 6, 6, 6, 0, 0, 0, 1, 1, 1, 1, 1, 2, 2]
  [3, 1, 1, 6, 6, 6, 1, 6, 6, 6, 6, 6, 6, 6, 1, 1, 1, 1, 1, 1, 1]
  [3, 2, 1, 6, 6, 6, 6, 1, 0, 0, 0, 6, 6, 6, 6, 6, 1, 1, 1, 1, 1]
  [4, 2, 1, 1, 6, 6, 6, 6, 0, 0, 0, 6, 6, 6, 6, 6, 6, 6, 1, 1, 1]
  [4, 2, 1, 1, 6, 6, 6, 6, 0, 0, 0, 6, 6, 6, 6, 6, 6, 6, 6, 6, 1]
  [5, 3, 2, 1, 1, 6, 6, 6, 6, 6, 1, 6, 6, 6, 6, 6, 6, 6, 6, 6, 6]
  [5, 3, 2, 1, 1, 6, 6, 6, 6, 6, 0, 0, 0, 0, 0, 0, 0, 6, 6, 6, 6]
  [6, 3, 2, 1, 1, 1, 6, 6, 6, 6, 0, 0, 0, 0, 0, 0, 0, 6, 6, 6, 6]
  [6, 4, 2, 2, 1, 1, 6, 6, 6, 6, 6, 6, 0, 0, 0, 0, 0, 6, 6, 6, 6]
  [1, 4, 3, 2, 1, 1, 1, 6, 6, 6, 6, 6, 0, 0, 0, 0, 0, 6, 6, 6, 6]
  [1, 4, 3, 2, 1, 1, 1, 6, 6, 6, 6, 6, 6, 6, 6, 1, 6, 6, 6, 6, 6]
  [2, 5, 3, 2, 2, 1, 1, 1, 6, 6, 6, 6, 6, 6, 6, 6, 1, 6, 6, 6, 6]
  [2, 5, 3, 2, 2, 1, 1, 1, 6, 6, 6, 6, 6, 6, 6, 6, 6, 1, 6, 6, 6]
  [3, 5, 4, 3, 2, 1, 1, 1, 1, 6, 0, 0, 0, 0, 6, 6, 6, 6, 1, 6, 6]
  [3, 6, 4, 3, 2, 2, 1, 1, 1, 6, 0, 0, 0, 0, 6, 6, 6, 6, 6, 1, 6]
  [4, 6, 4, 3, 2, 2, 1, 1, 1, 1, 6, 6, 6, 6, 6, 6, 6, 6, 6, 6, 1]

Output:
  [1, 6, 1, 1, 2, 2, 3, 3, 4, 4, 5, 5, 6, 6, 1, 1, 2, 2, 3, 3, 4]
  [6, 1, 6, 6, 1, 1, 1, 2, 2, 2, 3, 3, 3, 4, 4, 4, 5, 5, 5, 6, 6]
  [1, 6, 1, 6, 6, 6, 1, 1, 1, 1, 2, 2, 2, 2, 3, 3, 3, 3, 4, 4, 4]
  [1, 6, 6, 1, 6, 6, 6, 6, 1, 1, 1, 1, 1, 2, 2, 2, 2, 2, 3, 3, 3]
  [2, 1, 6, 6, 1, 6, 6, 6, 6, 6, 1, 1, 1, 1, 1, 1, 2, 2, 2, 2, 2]
  [2, 1, 6, 6, 6, 1, 6, 6, 6, 6, 6, 6, 1, 1, 1, 1, 1, 1, 1, 2, 2]
  [3, 1, 1, 6, 6, 6, 1, 6, 6, 6, 6, 6, 6, 6, 1, 1, 1, 1, 1, 1, 1]
  [3, 2, 1, 6, 6, 6, 6, 1, 6, 6, 6, 6, 6, 6, 6, 6, 1, 1, 1, 1, 1]
  [4, 2, 1, 1, 6, 6, 6, 6, 1, 6, 6, 6, 6, 6, 6, 6, 6, 6, 1, 1, 1]
  [4, 2, 1, 1, 6, 6, 6, 6, 6, 1, 6, 6, 6, 6, 6, 6, 6, 6, 6, 6, 1]
  [5, 3, 2, 1, 1, 6, 6, 6, 6, 6, 1, 6, 6, 6, 6, 6, 6, 6, 6, 6, 6]
  [5, 3, 2, 1, 1, 6, 6, 6, 6, 6, 6, 1, 6, 6, 6, 6, 6, 6, 6, 6, 6]
  [6, 3, 2, 1, 1, 1, 6, 6, 6, 6, 6, 6, 1, 6, 6, 6, 6, 6, 6, 6, 6]
  [6, 4, 2, 2, 1, 1, 6, 6, 6, 6, 6, 6, 6, 1, 6, 6, 6, 6, 6, 6, 6]
  [1, 4, 3, 2, 1, 1, 1, 6, 6, 6, 6, 6, 6, 6, 1, 6, 6, 6, 6, 6, 6]
  [1, 4, 3, 2, 1, 1, 1, 6, 6, 6, 6, 6, 6, 6, 6, 1, 6, 6, 6, 6, 6]
  [2, 5, 3, 2, 2, 1, 1, 1, 6, 6, 6, 6, 6, 6, 6, 6, 1, 6, 6, 6, 6]
  [2, 5, 3, 2, 2, 1, 1, 1, 6, 6, 6, 6, 6, 6, 6, 6, 6, 1, 6, 6, 6]
  [3, 5, 4, 3, 2, 1, 1, 1, 1, 6, 6, 6, 6, 6, 6, 6, 6, 6, 1, 6, 6]
  [3, 6, 4, 3, 2, 2, 1, 1, 1, 6, 6, 6, 6, 6, 6, 6, 6, 6, 6, 1, 6]
  [4, 6, 4, 3, 2, 2, 1, 1, 1, 1, 6, 6, 6, 6, 6, 6, 6, 6, 6, 6, 1]

Case 1:
Input:
  [6, 5, 6, 6, 7, 7, 1, 1, 2, 2, 3, 3, 4, 4, 5, 5, 6, 6, 7, 7, 1]
  [5, 6, 5, 5, 6, 6, 6, 7, 7, 7, 1, 1, 1, 2, 2, 2, 3, 3, 3, 4, 4]
  [6, 5, 6, 5, 5, 5, 6, 6, 6, 6, 7, 7, 7, 7, 1, 1, 1, 1, 2, 2, 2]
  [6, 5, 5, 0, 0, 0, 5, 5, 6, 6, 6, 6, 6, 7, 7, 7, 7, 7, 1, 1, 1]
  [7, 6, 5, 0, 0, 0, 5, 5, 5, 5, 6, 6, 6, 6, 6, 6, 7, 7, 7, 7, 7]
  [7, 6, 5, 0, 0, 0, 5, 5, 5, 5, 5, 5, 6, 6, 6, 6, 6, 6, 6, 7, 7]
  [1, 6, 6, 0, 0, 0, 6, 5, 5, 0, 0, 0, 5, 5, 6, 6, 6, 6, 6, 6, 6]
  [1, 7, 6, 0, 0, 0, 5, 6, 5, 0, 0, 0, 5, 5, 5, 5, 6, 6, 6, 6, 6]
  [2, 7, 6, 6, 5, 5, 5, 5, 6, 0, 0, 0, 0, 0, 0, 0, 0, 5, 6, 6, 6]
  [2, 7, 6, 6, 5, 5, 5, 5, 5, 6, 5, 5, 0, 0, 0, 0, 0, 5, 5, 5, 6]
  [3, 1, 7, 6, 6, 5, 5, 5, 5, 5, 6, 5, 5, 5, 5, 5, 5, 5, 5, 5, 5]
  [3, 1, 7, 6, 6, 5, 5, 5, 5, 5, 5, 6, 5, 5, 5, 5, 5, 5, 5, 5, 5]
  [4, 1, 7, 6, 6, 6, 5, 5, 5, 5, 5, 5, 6, 5, 5, 5, 5, 5, 5, 5, 5]
  [4, 2, 7, 7, 6, 6, 5, 5, 5, 5, 5, 5, 5, 6, 5, 5, 5, 5, 5, 5, 5]
  [5, 2, 0, 0, 0, 0, 6, 5, 5, 5, 5, 5, 5, 5, 6, 5, 5, 5, 5, 5, 5]
  [5, 2, 0, 0, 0, 0, 6, 5, 5, 5, 5, 5, 5, 5, 5, 6, 5, 5, 5, 5, 5]
  [6, 3, 1, 7, 7, 6, 6, 6, 5, 5, 5, 5, 5, 5, 5, 5, 6, 5, 5, 5, 5]
  [6, 3, 1, 7, 7, 6, 6, 6, 0, 0, 0, 0, 5, 5, 5, 5, 5, 6, 5, 5, 5]
  [7, 3, 2, 1, 7, 6, 6, 6, 0, 0, 0, 0, 5, 5, 5, 5, 5, 5, 6, 5, 5]
  [7, 4, 2, 1, 7, 7, 6, 6, 6, 5, 5, 5, 5, 5, 5, 5, 5, 5, 5, 6, 5]
  [1, 4, 2, 1, 7, 7, 6, 6, 6, 6, 5, 5, 5, 5, 5, 5, 5, 5, 5, 5, 6]

Output:
  [6, 5, 6, 6, 7, 7, 1, 1, 2, 2, 3, 3, 4, 4, 5, 5, 6, 6, 7, 7, 1]
  [5, 6, 5, 5, 6, 6, 6, 7, 7, 7, 1, 1, 1, 2, 2, 2, 3, 3, 3, 4, 4]
  [6, 5, 6, 5, 5, 5, 6, 6, 6, 6, 7, 7, 7, 7, 1, 1, 1, 1, 2, 2, 2]
  [6, 5, 5, 6, 5, 5, 5, 5, 6, 6, 6, 6, 6, 7, 7, 7, 7, 7, 1, 1, 1]
  [7, 6, 5, 5, 6, 5, 5, 5, 5, 5, 6, 6, 6, 6, 6, 6, 7, 7, 7, 7, 7]
  [7, 6, 5, 5, 5, 6, 5, 5, 5, 5, 5, 5, 6, 6, 6, 6, 6, 6, 6, 7, 7]
  [1, 6, 6, 5, 5, 5, 6, 5, 5, 5, 5, 5, 5, 5, 6, 6, 6, 6, 6, 6, 6]
  [1, 7, 6, 5, 5, 5, 5, 6, 5, 5, 5, 5, 5, 5, 5, 5, 6, 6, 6, 6, 6]
  [2, 7, 6, 6, 5, 5, 5, 5, 6, 5, 5, 5, 5, 5, 5, 5, 5, 5, 6, 6, 6]
  [2, 7, 6, 6, 5, 5, 5, 5, 5, 6, 5, 5, 5, 5, 5, 5, 5, 5, 5, 5, 6]
  [3, 1, 7, 6, 6, 5, 5, 5, 5, 5, 6, 5, 5, 5, 5, 5, 5, 5, 5, 5, 5]
  [3, 1, 7, 6, 6, 5, 5, 5, 5, 5, 5, 6, 5, 5, 5, 5, 5, 5, 5, 5, 5]
  [4, 1, 7, 6, 6, 6, 5, 5, 5, 5, 5, 5, 6, 5, 5, 5, 5, 5, 5, 5, 5]
  [4, 2, 7, 7, 6, 6, 5, 5, 5, 5, 5, 5, 5, 6, 5, 5, 5, 5, 5, 5, 5]
  [5, 2, 1, 7, 6, 6, 6, 5, 5, 5, 5, 5, 5, 5, 6, 5, 5, 5, 5, 5, 5]
  [5, 2, 1, 7, 6, 6, 6, 5, 5, 5, 5, 5, 5, 5, 5, 6, 5, 5, 5, 5, 5]
  [6, 3, 1, 7, 7, 6, 6, 6, 5, 5, 5, 5, 5, 5, 5, 5, 6, 5, 5, 5, 5]
  [6, 3, 1, 7, 7, 6, 6, 6, 5, 5, 5, 5, 5, 5, 5, 5, 5, 6, 5, 5, 5]
  [7, 3, 2, 1, 7, 6, 6, 6, 6, 5, 5, 5, 5, 5, 5, 5, 5, 5, 6, 5, 5]
  [7, 4, 2, 1, 7, 7, 6, 6, 6, 5, 5, 5, 5, 5, 5, 5, 5, 5, 5, 6, 5]
  [1, 4, 2, 1, 7, 7, 6, 6, 6, 6, 5, 5, 5, 5, 5, 5, 5, 5, 5, 5, 6]

Case 2:
Input:
  [5, 4, 5, 5, 6, 6, 7, 7, 8, 8, 1, 1, 2, 2, 3, 3, 4, 4, 5, 5, 6]
  [4, 5, 4, 4, 5, 5, 5, 6, 6, 6, 7, 7, 7, 8, 8, 8, 1, 1, 1, 2, 2]
  [5, 4, 5, 4, 4, 4, 5, 5, 5, 5, 6, 6, 6, 6, 7, 7, 0, 0, 8, 8, 8]
  [5, 4, 4, 5, 4, 4, 4, 4, 5, 5, 5, 5, 5, 6, 6, 6, 0, 0, 7, 7, 7]
  [6, 5, 4, 4, 5, 4, 4, 4, 4, 4, 5, 5, 5, 5, 5, 5, 0, 0, 6, 6, 6]
  [6, 5, 4, 4, 4, 5, 4, 4, 4, 4, 4, 4, 5, 5, 5, 5, 0, 0, 5, 6, 6]
  [7, 5, 5, 4, 4, 4, 5, 4, 4, 4, 4, 4, 4, 4, 5, 5, 0, 0, 5, 5, 5]
  [7, 6, 5, 4, 4, 4, 4, 5, 4, 4, 4, 4, 4, 4, 4, 4, 5, 5, 5, 5, 5]
  [8, 6, 5, 5, 4, 4, 4, 4, 5, 4, 4, 4, 4, 4, 4, 4, 4, 4, 5, 5, 5]
  [8, 6, 5, 5, 4, 4, 4, 4, 4, 5, 4, 4, 4, 4, 4, 4, 4, 4, 4, 4, 5]
  [1, 7, 6, 5, 5, 4, 4, 4, 4, 4, 5, 0, 0, 4, 4, 4, 4, 4, 4, 4, 4]
  [1, 7, 6, 5, 5, 4, 4, 4, 4, 4, 4, 0, 0, 4, 4, 4, 4, 4, 4, 4, 4]
  [2, 7, 6, 5, 5, 5, 4, 4, 4, 4, 4, 0, 0, 4, 4, 4, 4, 4, 4, 4, 4]
  [2, 8, 6, 6, 5, 5, 4, 4, 4, 4, 0, 0, 0, 0, 0, 4, 4, 4, 4, 4, 4]
  [3, 8, 7, 6, 5, 5, 5, 4, 4, 0, 0, 0, 0, 0, 0, 4, 4, 4, 4, 4, 4]
  [3, 8, 7, 6, 5, 5, 5, 4, 4, 0, 0, 0, 0, 0, 0, 5, 4, 4, 4, 4, 4]
  [4, 1, 7, 6, 6, 5, 5, 5, 4, 0, 0, 0, 4, 4, 4, 4, 5, 4, 4, 4, 4]
  [4, 1, 7, 6, 6, 5, 5, 5, 4, 0, 0, 0, 4, 4, 4, 4, 4, 5, 4, 4, 4]
  [5, 1, 8, 7, 6, 5, 5, 5, 5, 0, 0, 0, 4, 4, 4, 4, 4, 4, 5, 4, 4]
  [5, 2, 8, 7, 6, 6, 5, 5, 5, 4, 4, 4, 4, 4, 4, 4, 4, 4, 4, 5, 4]
  [6, 2, 8, 7, 6, 6, 5, 5, 5, 5, 4, 4, 4, 4, 4, 4, 4, 4, 4, 4, 5]

Output:
  [5, 4, 5, 5, 6, 6, 7, 7, 8, 8, 1, 1, 2, 2, 3, 3, 4, 4, 5, 5, 6]
  [4, 5, 4, 4, 5, 5, 5, 6, 6, 6, 7, 7, 7, 8, 8, 8, 1, 1, 1, 2, 2]
  [5, 4, 5, 4, 4, 4, 5, 5, 5, 5, 6, 6, 6, 6, 7, 7, 7, 7, 8, 8, 8]
  [5, 4, 4, 5, 4, 4, 4, 4, 5, 5, 5, 5, 5, 6, 6, 6, 6, 6, 7, 7, 7]
  [6, 5, 4, 4, 5, 4, 4, 4, 4, 4, 5, 5, 5, 5, 5, 5, 6, 6, 6, 6, 6]
  [6, 5, 4, 4, 4, 5, 4, 4, 4, 4, 4, 4, 5, 5, 5, 5, 5, 5, 5, 6, 6]
  [7, 5, 5, 4, 4, 4, 5, 4, 4, 4, 4, 4, 4, 4, 5, 5, 5, 5, 5, 5, 5]
  [7, 6, 5, 4, 4, 4, 4, 5, 4, 4, 4, 4, 4, 4, 4, 4, 5, 5, 5, 5, 5]
  [8, 6, 5, 5, 4, 4, 4, 4, 5, 4, 4, 4, 4, 4, 4, 4, 4, 4, 5, 5, 5]
  [8, 6, 5, 5, 4, 4, 4, 4, 4, 5, 4, 4, 4, 4, 4, 4, 4, 4, 4, 4, 5]
  [1, 7, 6, 5, 5, 4, 4, 4, 4, 4, 5, 4, 4, 4, 4, 4, 4, 4, 4, 4, 4]
  [1, 7, 6, 5, 5, 4, 4, 4, 4, 4, 4, 5, 4, 4, 4, 4, 4, 4, 4, 4, 4]
  [2, 7, 6, 5, 5, 5, 4, 4, 4, 4, 4, 4, 5, 4, 4, 4, 4, 4, 4, 4, 4]
  [2, 8, 6, 6, 5, 5, 4, 4, 4, 4, 4, 4, 4, 5, 4, 4, 4, 4, 4, 4, 4]
  [3, 8, 7, 6, 5, 5, 5, 4, 4, 4, 4, 4, 4, 4, 5, 4, 4, 4, 4, 4, 4]
  [3, 8, 7, 6, 5, 5, 5, 4, 4, 4, 4, 4, 4, 4, 4, 5, 4, 4, 4, 4, 4]
  [4, 1, 7, 6, 6, 5, 5, 5, 4, 4, 4, 4, 4, 4, 4, 4, 5, 4, 4, 4, 4]
  [4, 1, 7, 6, 6, 5, 5, 5, 4, 4, 4, 4, 4, 4, 4, 4, 4, 5, 4, 4, 4]
  [5, 1, 8, 7, 6, 5, 5, 5, 5, 4, 4, 4, 4, 4, 4, 4, 4, 4, 5, 4, 4]
  [5, 2, 8, 7, 6, 6, 5, 5, 5, 4, 4, 4, 4, 4, 4, 4, 4, 4, 4, 5, 4]
  [6, 2, 8, 7, 6, 6, 5, 5, 5, 5, 4, 4, 4, 4, 4, 4, 4, 4, 4, 4, 5]

Case 3
Input:
  [4, 3, 4, 4, 5, 5, 6, 6, 7, 7, 8, 8, 9, 9, 1, 1, 2, 2, 3, 3, 4]
  [3, 4, 3, 3, 4, 4, 4, 5, 5, 5, 0, 0, 6, 7, 7, 7, 8, 8, 8, 9, 9]
  [4, 3, 4, 3, 3, 3, 4, 4, 4, 4, 0, 0, 5, 5, 6, 6, 6, 6, 7, 7, 7]
  [4, 3, 3, 4, 3, 3, 3, 3, 4, 4, 0, 0, 4, 5, 5, 5, 5, 5, 6, 6, 6]
  [5, 4, 3, 3, 4, 3, 3, 3, 3, 3, 0, 0, 4, 4, 4, 4, 5, 5, 5, 5, 5]
  [5, 4, 3, 3, 3, 4, 3, 3, 3, 3, 0, 0, 4, 4, 4, 4, 4, 4, 4, 5, 5]
  [6, 4, 4, 3, 3, 3, 4, 3, 3, 3, 3, 3, 3, 3, 4, 4, 4, 4, 4, 4, 4]
  [6, 5, 4, 3, 3, 3, 3, 4, 3, 3, 3, 3, 3, 3, 3, 3, 4, 4, 4, 4, 4]
  [0, 0, 0, 0, 0, 3, 3, 3, 4, 3, 3, 3, 3, 3, 3, 3, 3, 3, 4, 4, 4]
  [0, 0, 0, 0, 0, 3, 3, 3, 3, 4, 3, 3, 3, 3, 3, 3, 3, 3, 3, 3, 4]
  [8, 6, 5, 4, 4, 3, 3, 3, 3, 3, 4, 3, 3, 3, 3, 3, 3, 3, 3, 3, 3]
  [8, 6, 5, 4, 4, 3, 3, 3, 3, 3, 3, 4, 3, 3, 3, 3, 3, 3, 3, 3, 3]
  [9, 6, 5, 4, 4, 4, 3, 3, 3, 3, 3, 3, 4, 3, 3, 3, 3, 3, 3, 3, 3]
  [9, 7, 5, 5, 4, 4, 3, 3, 3, 3, 3, 3, 3, 4, 3, 3, 3, 3, 3, 3, 3]
  [1, 7, 6, 5, 4, 4, 4, 3, 3, 3, 3, 3, 3, 3, 4, 3, 3, 3, 3, 3, 3]
  [1, 7, 6, 5, 0, 0, 0, 0, 0, 3, 3, 3, 3, 3, 3, 0, 0, 0, 0, 0, 3]
  [2, 8, 6, 5, 0, 0, 0, 0, 0, 3, 3, 3, 3, 3, 3, 0, 0, 0, 0, 0, 3]
  [2, 8, 6, 5, 0, 0, 0, 0, 0, 3, 3, 3, 3, 3, 3, 3, 3, 4, 3, 3, 3]
  [3, 8, 7, 6, 5, 4, 4, 4, 4, 3, 3, 3, 0, 0, 0, 0, 0, 3, 4, 3, 3]
  [3, 9, 7, 6, 5, 5, 4, 4, 4, 3, 3, 3, 0, 0, 0, 0, 0, 3, 3, 4, 3]
  [4, 9, 7, 6, 5, 5, 4, 4, 4, 4, 3, 3, 3, 3, 3, 3, 3, 3, 3, 3, 4]

Output:

What is the output of the last input?